# Colours for plotting

nice_cols <- c("#616161","#4285f4","#db4437","#f4b400","#0f9d58","#ab47bc","#00acc1",
               "#ff7043","#9e9d24","#5c6bc0","#f06292","#00796b","#c2185b","#7e57c2",
               "#03a9f4","#8bc34a","#fdd835","#fb8c00","#8d6e63","#9e9e9e","#607d8b")

colours = c("#B2DF8A93", "#FDBF6Fdb", "#FB9A99db", "#1F78B4db", "#B15928ff",
            "#6A3D9Aff", "#FB9A9993", "#FF7F00db", "#CAB2D6ff", "#33A02Cdb", "#FB9A99ff",
            "#E31A1Cff", "#A6CEE3db", "#FF7F00ff", "#B2DF8Ab7", "#B15928b7", "#CAB2D6db",
            "#33A02Cb7", "#E31A1Cdb", "#A6CEE3ff", "#33A02Cff", "#CAB2D6b7", "#B2DF8Aff",
            "#1F78B4ff", "#6A3D9Adb", "#FFFF99db", "#B15928db", "#E31A1Cb7", "#FF7F00b7",
            "#FFFF99b7", "#A6CEE393", "#B2DF8A6f", "#FFFF99ff", "#B2DF8Adb")
